Average: 0.0341581492552292
Variance: 0.9966428075363278
Standard Deviation: 0.9983199925556574
